387857
387858
404945
404946
404947
404948
404949
404950
404951
404952
404953
404954
404956
404957
404958
404959
404960
404961
404962
404963
404964
404965
404966
404967
404968
404969
404970
404971
404972
404973
404974
404975
404976
404977
404978
404979
404980
404981
404982
404983
404984
404985
404986
404987
404988
404989
404990
404991
404992
404993
404994
404995
404996
404997
404998
404999
405000
405001
405002
405003
405004
405005
405006
405007
405008
405009
405010
405011
405012
405013
405014
405015
405016
405017
405018
405019
405020
405021
405022
405023
405024
405025
405026
405027
405028
405029
405280
405281
405282
405283
405284
405285
405286
405287
405288
405289
405291
405292
405293
405294
405295
405296
405297
405298
405299
405300
405301
405302
405303
405304
405305
405306
405307
405308
405309
405310
405311
405312
405313
405314
405315
405316
405317
405318
405319
405320
405321
405322
405323
405324
405325
405326
405327
405328
405329
405330
405331
405332
405333
405334
405335
405336
405337
405338
405339
405340
405341
405342
405343
405344
405345
405346
405347
405348
405349
405350
405351
405352
405353
405355
405356
405357
405358
405359
405360
405361
405362
405363
405364
