387857:211 223 224 0
387858:1342 1363 1378 1388 1394 1400 1401 1419 1434 1444 1450 1456 1457 1469 1479 1485 1491 1492 1499 1505 1511 1512 1515 1521 1522 1525 1526 1529 0
404945:-36451 1323 0
404946:-36452 1329 0
404947:-36453 1334 0
404948:-36454 1338 0
404949:-36455 1342 0
404950:-36456 1343 0
404951:-36457 1344 0
404952:-36458 1350 0
404953:-36459 1355 0
404954:-36460 1359 0
404956:-36462 1364 0
404957:-36463 1365 0
404958:-36464 1370 0
404959:-36465 1374 0
404960:-36466 1378 0
404961:-36467 1379 0
404962:-36468 1380 0
404963:-36469 1384 0
404964:-36470 1388 0
404965:-36471 1389 0
404966:-36472 1390 0
404967:-36473 1394 0
404968:-36474 1395 0
404969:-36475 1396 0
404970:-36476 1400 0
404971:-36477 1401 0
404972:-36478 1402 0
404973:-36479 1406 0
404974:-36480 1411 0
404975:-36481 1415 0
404976:-36482 1419 0
404977:-36483 1420 0
404978:-36484 1421 0
404979:-36485 1426 0
404980:-36486 1430 0
404981:-36487 1434 0
404982:-36488 1435 0
404983:-36489 1436 0
404984:-36490 1440 0
404985:-36491 1444 0
404986:-36492 1445 0
404987:-36493 1446 0
404988:-36494 1450 0
404989:-36495 1451 0
404990:-36496 1452 0
404991:-36497 1456 0
404992:-36498 1457 0
404993:-36499 1458 0
404994:-36500 1461 0
404995:-36501 1465 0
404996:-36502 1469 0
404997:-36503 1470 0
404998:-36504 1471 0
404999:-36505 1475 0
405000:-36506 1479 0
405001:-36507 1480 0
405002:-36508 1481 0
405003:-36509 1485 0
405004:-36510 1486 0
405005:-36511 1487 0
405006:-36512 1491 0
405007:-36513 1492 0
405008:-36514 1493 0
405009:-36515 1495 0
405010:-36516 1499 0
405011:-36517 1500 0
405012:-36518 1501 0
405013:-36519 1505 0
405014:-36520 1506 0
405015:-36521 1507 0
405016:-36522 1511 0
405017:-36523 1512 0
405018:-36524 1513 0
405019:-36525 1515 0
405020:-36526 1516 0
405021:-36527 1517 0
405022:-36528 1521 0
405023:-36529 1522 0
405024:-36530 1523 0
405025:-36531 1525 0
405026:-36532 1526 0
405027:-36533 1527 0
405028:-36534 1529 0
405029:36451 36452 36453 36454 36455 36456 36457 36458 36459 36460 36461 36462 36463 36464 36465 36466 36467 36468 36469 36470 36471 36472 36473 36474 36475 36476 36477 36478 36479 36480 36481 36482 36483 36484 36485 36486 36487 36488 36489 36490 36491 36492 36493 36494 36495 36496 36497 36498 36499 36500 36501 36502 36503 36504 36505 36506 36507 36508 36509 36510 36511 36512 36513 36514 36515 36516 36517 36518 36519 36520 36521 36522 36523 36524 36525 36526 36527 36528 36529 36530 36531 36532 36533 36534 0
405280:-36619 1324 0
405281:-36620 1330 0
405282:-36621 1335 0
405283:-36622 1339 0
405284:-36623 1342 0
405285:-36624 1345 0
405286:-36625 1346 0
405287:-36626 1351 0
405288:-36627 1356 0
405289:-36628 1360 0
405291:-36630 1366 0
405292:-36631 1367 0
405293:-36632 1371 0
405294:-36633 1375 0
405295:-36634 1378 0
405296:-36635 1381 0
405297:-36636 1382 0
405298:-36637 1385 0
405299:-36638 1388 0
405300:-36639 1391 0
405301:-36640 1392 0
405302:-36641 1394 0
405303:-36642 1397 0
405304:-36643 1398 0
405305:-36644 1400 0
405306:-36645 1401 0
405307:-36646 1403 0
405308:-36647 1407 0
405309:-36648 1412 0
405310:-36649 1416 0
405311:-36650 1419 0
405312:-36651 1422 0
405313:-36652 1423 0
405314:-36653 1427 0
405315:-36654 1431 0
405316:-36655 1434 0
405317:-36656 1437 0
405318:-36657 1438 0
405319:-36658 1441 0
405320:-36659 1444 0
405321:-36660 1447 0
405322:-36661 1448 0
405323:-36662 1450 0
405324:-36663 1453 0
405325:-36664 1454 0
405326:-36665 1456 0
405327:-36666 1457 0
405328:-36667 1459 0
405329:-36668 1462 0
405330:-36669 1466 0
405331:-36670 1469 0
405332:-36671 1472 0
405333:-36672 1473 0
405334:-36673 1476 0
405335:-36674 1479 0
405336:-36675 1482 0
405337:-36676 1483 0
405338:-36677 1485 0
405339:-36678 1488 0
405340:-36679 1489 0
405341:-36680 1491 0
405342:-36681 1492 0
405343:-36682 1494 0
405344:-36683 1496 0
405345:-36684 1499 0
405346:-36685 1502 0
405347:-36686 1503 0
405348:-36687 1505 0
405349:-36688 1508 0
405350:-36689 1509 0
405351:-36690 1511 0
405352:-36691 1512 0
405353:-36692 1514 0
405355:-36694 1518 0
405356:-36695 1519 0
405357:-36696 1521 0
405358:-36697 1522 0
405359:-36698 1524 0
405360:-36699 1525 0
405361:-36700 1526 0
405362:-36701 1528 0
405363:-36702 1529 0
405364:36619 36620 36621 36622 36623 36624 36625 36626 36627 36628 36629 36630 36631 36632 36633 36634 36635 36636 36637 36638 36639 36640 36641 36642 36643 36644 36645 36646 36647 36648 36649 36650 36651 36652 36653 36654 36655 36656 36657 36658 36659 36660 36661 36662 36663 36664 36665 36666 36667 36668 36669 36670 36671 36672 36673 36674 36675 36676 36677 36678 36679 36680 36681 36682 36683 36684 36685 36686 36687 36688 36689 36690 36691 36692 36693 36694 36695 36696 36697 36698 36699 36700 36701 36702 0
